#	Parameters for specific FRBs
#	Required by the analysis scripts	********No strings, only numerics!*********		
#
#	DO NOT remove the first (dummy) entry!
#
#FRBname		f_centre(MHz)	tres/ms		DM_structure	Location(ms)	we(ms)	w(ms)	start(ms)	end(ms)	w95(ms)	start95(ms)	end95(ms)	rm(rad/m2)	phi0(deg)	ref_time (ms)
000000			0.0				0.0			0.0				0				0.0		0.0			0.0		0.0		0.0		0.0			0.0			0.0			0.0			0.0
181112			1297.5			0.0			-1				0000			0.0		0.0			0.0		0.0		0.0		0.0			0.0			13.09		0.0			5.001
210912			1271.5			0.003		-1				-1				0.0		0.0			0.0		0.0		0.0		0.0			0.0			0.0			0.0			149.955
230708			919.5			0.030		-1				2125			0.0		0.0			0.0		0.0		0.0		0.0			0.0			-5.74		0.0			150.857
000000			-1				-1			-1				-1				0.0		0.0			0.0		0.0		0.0		0.0			0.0			0.0			0.0			0.0
180924			1320.0			0.030		-1				-1				0.0		0.0			0.0		0.0		0.0		0.0			0.0			18.84		0.0			100.236
190102			1271.5			0.003		-1				-1				0.0		0.0			0.0		0.0		0.0		0.0			0.0			-106.82		0.0			103.973
190608			1271.5			0.305		-1				-1				0.0		0.0			0.0		0.0		0.0		0.0			0.0			353.11		0.0			106.971
190611			1271.5			0.003		-1				-1				0.0		0.0			0.0		0.0		0.0		0.0			0.0			51.96		0.0			101.175
190711			1271.5			0.003		-1				-1				0.0		0.0			0.0		0.0		0.0		0.0			0.0			6.0			0.0			103.290
190714			1271.5			0.019		-1				-1				0.0		0.0			0.0		0.0		0.0		0.0			0.0			nan			0.0			107.390
191001			919.5			0.190		-1				-1				0.0		0.0			0.0		0.0		0.0		0.0			0.0			53.36		0.0			109.714
191228			1271.5			0.190		-1				-1				0.0		0.0			0.0		0.0		0.0		0.0			0.0			14.69		0.0			109.143
200430			863.5			0.305		-1				-1				0.0		0.0			0.0		0.0		0.0		0.0			0.0			194.63		0.0			103.314
200906			863.5			0.0019		-1				-1				0.0		0.0			0.0		0.0		0.0		0.0			0.0			74.93		0.0			108.886
210117			1271.5			0.019		-1				-1				0.0		0.0			0.0		0.0		0.0		0.0			0.0			-45.13		0.0			107.810
210320			863.5			0.030		-1				-1				0.0		0.0			0.0		0.0		0.0		0.0			0.0			289.13		0.0			102.796
210407			1271.5			0.019		-1				-1				0.0		0.0			0.0		0.0		0.0		0.0			0.0			-10.15		0.0			106.354
211127			1271.5			0.019		-1				-1				0.0		0.0			0.0		0.0		0.0		0.0			0.0			-74.70		0.0			102.952
211203			919.5			0.190		-1				-1				0.0		0.0			0.0		0.0		0.0		0.0			0.0			34.16		0.0			111.619
211212			1631.5			0.190		-1				-1				0.0		0.0			0.0		0.0		0.0		0.0			0.0			0.0			0.0			100.571
220105			1631.5			0.019		-1				-1				0.0		0.0			0.0		0.0		0.0		0.0			0.0			0.0			0.0			100.952
220501			863.5			0.190		-1				-1				0.0		0.0			0.0		0.0		0.0		0.0			0.0			35.70		0.0			108.190
220610			1271.5			0.019		-1				-1				0.0		0.0			0.0		0.0		0.0		0.0			0.0			213.60		0.0			106.781
220725			919.5			0.019		-1				-1				0.0		0.0			0.0		0.0		0.0		0.0			0.0			-26.16		0.0			101.333
220918			1271.5			0.190		-1				-1				0.0		0.0			0.0		0.0		0.0		0.0			0.0			0.0			0.0			101.095
221106			1631.5			0.019		-1				-1				0.0		0.0			0.0		0.0		0.0		0.0			0.0			443.12		0.0			100.381
230526			1271.5			0.019		-1				-1				0.0		0.0			0.0		0.0		0.0		0.0			0.0			609.33		0.0			102.971
230718			1271.5			0.019		-1				-1				0.0		0.0			0.0		0.0		0.0		0.0			0.0			241.82		0.0			101.676
230731			1271.5			0.019		-1				-1				0.0		0.0			0.0		0.0		0.0		0.0			0.0			264.78		0.0			100.476
230902			831.5			0.019		-1				-1				0.0		0.0			0.0		0.0		0.0		0.0			0.0			163.25		0.0			109.810
231226			863.5			0.019		-1				-1				0.0		0.0			0.0		0.0		0.0		0.0			0.0			424.55		0.0			108.952
240201			919.5			0.019		-1				-1				0.0		0.0			0.0		0.0		0.0		0.0			0.0			1277.4		0.0			108.495
240208			863.5			0.190		-1				-1				0.0		0.0			0.0		0.0		0.0		0.0			0.0			-72.0		0.0			100.190
240210			863.5			0.019		-1				-1				0.0		0.0			0.0		0.0		0.0		0.0			0.0			-321.0		0.0			104.400
240304			919.5			0.190		-1				-1				0.0		0.0			0.0		0.0		0.0		0.0			0.0			486.7		0.0			108.571
240310			919.5			0.190		-1				-1				0.0		0.0			0.0		0.0		0.0		0.0			0.0			-1713.3		0.0			101.181
240318			919.5			0.019		-1				-1				0.0		0.0			0.0		0.0		0.0		0.0			0.0			-47.5		0.0			107.295
000000			-1				-1			-1				-1				0.0		0.0			0.0		0.0		0.0		0.0			0.0			0.0			0.0			0.0
000000			-1				-1			-1				-1				0.0		0.0			0.0		0.0		0.0		0.0			0.0			0.0			0.0			0.0
000000			-1				-1			-1				-1				0.0		0.0			0.0		0.0		0.0		0.0			0.0			0.0			0.0			0.0
240525			919.5			0.305		-1				-1				0.0		0.0			0.0		0.0		0.0		0.0			0.0			-262.23		0.0			102.705
240629			831.5			0.152		-1				-1				0.0		0.0			0.0		0.0		0.0		0.0			0.0			36.55		0.0			104.686
240728			919.5			0.030		-1				-1				0.0		0.0			0.0		0.0		0.0		0.0			0.0			365.73		0.0			109.806
240807			919.5			1.524		-1				-1				0.0		0.0			0.0		0.0		0.0		0.0			0.0			0.0			0.0			99.048
241014			863.5			0.006		-1				-1				0.0		0.0			0.0		0.0		0.0		0.0			0.0			59.33		0.0			102.955
241027			831.5			1.524		-1				-1				0.0		0.0			0.0		0.0		0.0		0.0			0.0			0.0			0.0			103.619
241226			919.5			1.524		-1				-1				0.0		0.0			0.0		0.0		0.0		0.0			0.0			0.0			0.0			103.619
250106			831.5			0.305		-1				-1				0.0		0.0			0.0		0.0		0.0		0.0			0.0			-404.47		0.0			103.010
250201			919.5			0.305		-1				-1				0.0		0.0			0.0		0.0		0.0		0.0			0.0			-91.21		0.0			108.495
250313			919.5			0.152		-1				-1				0.0		0.0			0.0		0.0		0.0		0.0			0.0			0.0			0.0			100.571
250511			919.5			0.015		-1				-1				0.0		0.0			0.0		0.0		0.0		0.0			0.0			-364.94		0.0			103.360
250520			1271.5			0.030		-1				-1				0.0		0.0			0.0		0.0		0.0		0.0			0.0			-136.65		0.0			108.983
250607			919.5			0.061		-1				-1				0.0		0.0			0.0		0.0		0.0		0.0			0.0			-427.32		0.0			112.274
250613			919.5			0.012		-1				-1				0.0		0.0			0.0		0.0		0.0		0.0			0.0			-7155.79	0.0			100.815 #113.835



























